22402
3992
15494
22152
762
26461
9938
1171
25651
24665
26359
8485
23858
27648
12225
6149
21452
12359
24165
3200
28740
9724
10824
5431
26943
2909
8057
7100
9686
7194
19328
3902
26885
17098
23972
16811
31525
8527
12046
14099
27637
27196
20330
26888
8091
5816
19295
32534
28772
15171
10134
17363
16867
26652
9684
32612
24053
24970
11882
13249
14631
5156
30169
2823
4066
24269
21438
5600
8412
3880
10235
9127
27600
15750
31061
21409
26221
28996
25390
24867
27582
18473
16106
26464
30341
4129
7601
19983
12943
1821
3439
25118
17533
21601
12331
25337
28979
17175
23630
12682
19485
772
31280
9041
26951
12775
2284
22177
24982
32763
27498
30736
3527
161
24235
22696
19597
17870
